1
1
1
1
1
1
1
1
1
1
1
1
1
1
1
1
2
2
2
2
2
2
2
2
2
2
2
2
3
3
3
3
3
3
3
3
4
4
4
4
4
5
5
5
5
5
5
5
5
6
7
7
7
7
8
8
8
9
9
10
10
10
10
10
10
12
12
12
12
12
12
13
13
13
13
14
14
14
15
15
15
16
16
16
17
18
20
21
21
22
22
22
23
23
23
23
25
25
25
25
26
26
26
27
27
28
28
28
29
29
30
31
32
33
33
33
33
33
36
38
38
39
39
40
41
43
45
45
47
49
50
51
52
52
54
55
55
55
58
61
63
63
64
67
67
68
68
70
76
78
81
82
85
85
87
88
92
93
98
98
98
99
